140226999586258944 76561198144436796
142758994480594945 76561197992323300
180826098269945856 76561198011091616
188362163662880768 76561198024186247
207619837952917504 76561198102725021
239722849588215818 76561197991612787
262706206366236673 76561198005084382
281503102367039499 76561198089666396
284835476148322305 76561198050059841
304335545679609867 76561197972692090
306513989431722005 76561197999977783
337965340581560321 76561197991612787
361498014877220866 76561198162915303
374997865313075201 76561197983451098
393909626048872458 76561197972639555
399392162778972170 76561198007813897
400600242896109568 76561197989388670
409786368601096192 76561198139376665
416258166729211904 76561197982633783
479249952220905482 76561198134864878
548920866587803688 76561197980970833
564049209263915008 76561198829129934
194469455726641152 76561198170104957
420642017572421653 76561198020507621
193195607408640000 76561197966510061
687011388454862884 76561198986726209
641899406001569792 76561198810427942
256524039894466560 76561198040111116
459809746619465729 76561198009611904
405527507388071939 76561198439575231
273194597423775754 76561198176185585
324492025280069633 76561198251795736
621904744184676362 76561198986040813
450336923500937228 76561198156774442
308636857372114966 76561198065606156
322040502855794695 76561198248765840
689615334180651220 76561198981855527
475622695585841163 76561198009471048
536194264108105728 76561198079470002
324639453366845450 76561197963480203
