142758994480594945 76561197992323300
180826098269945856 76561198011091616
188362163662880768 76561198024186247
207619837952917504 76561198102725021
262706206366236673 76561198005084382
281503102367039499 76561198089666396
284835476148322305 76561198050059841
304335545679609867 76561197972692090
306513989431722005 76561197999977783
337965340581560321 76561197991612787
361498014877220866 76561198162915303
374997865313075201 76561197983451098
393909626048872458 76561197972639555
399392162778972170 76561198007813897
400600242896109568 76561197989388670
409786368601096192 76561198139376665
416258166729211904 76561197982633783
479249952220905482 76561198134864878
548920866587803688 76561197980970833
564049209263915008 76561198829129934
194469455726641152 76561198170104957
420642017572421653 76561198020507621
193195607408640000 76561197966510061
687011388454862884 76561198986726209
641899406001569792 76561198810427942
256524039894466560 76561198040111116
459809746619465729 76561198009611904
405527507388071939 76561198439575231
273194597423775754 76561198176185585
324492025280069633 76561198251795736
621904744184676362 76561198986040813
450336923500937228 76561198156774442
308636857372114966 76561198065606156
322040502855794695 76561198248765840
689615334180651220 76561198981855527
475622695585841163 76561198009471048
536194264108105728 76561198079470002
324639453366845450 76561197963480203
433454431263260682 76561198310501470
236914510810578944 76561198084121929
137291300725719040 76561198311243908
435093737962602496 76561197981395976
683686139936505896 76561198921445744
248120042917593088 76561197983930587
216623779688742912 76561198271993975
104683840085192704 76561197961365238
231484248413044736 76561198204484680
338374470282772482 76561198011044734
107994330920165376 76561198025788618
302897256217182213 76561197992222226
400474669179994114 76561198418914556
180535777644511234 76561197992062636
446736483781574656 76561198072635958
254912268179865600 76561198173029818
454989528608931840 76561198062303764
472117911406772225 76561198027518569
326829618168463373 76561198343332604
105300856097755136 76561197963712077
565681262489108485 76561198246169810
498200400609017877 76561197981987238
206629557883764737 76561198079866628
429683474069454870 76561198334642193
220973352930639874 76561198154083093
374988991860178944 76561197965622125
306078934787686411 76561198101979589
288010463944507404 76561197985634975
420166250870865921 76561198134242728
194025251116417024 76561198059036888
690624438693265501 76561199051502979
251842684057026560 76561197983615145
175039632281567232 76561198097695414
368192836245520405 76561198104737240
365912585335341057 76561198309287387
704602115930193982 76561198001530841
252180836676403210 76561198058372396
629680719018590243 76561198056196525
707047038679908404 76561198049780860
157899046172884992 76561198063803339
374002047269208065 76561197965870917
587246631280443392 76561198321115576
264213733545476099 76561197972571025
236892817157259274 76561197992892379
540543405604732928 76561198218333549
323246542318469123 76561198073510853
218552734113202176 76561198138785898
306103415568728065 76561198160585053
332215394481733632 76561198278248416
567004296038711318 76561198194743575
181500918733340673 76561198035620479
697010383046574123 76561198067037908
154836308542488576 76561198048993064
147031458496774145 76561198211463916
174513139457458177 76561198124787973
375178160402202624 76561198198842677
276898195400032257 76561198131611236
708705300231749652 76561198007642429
108169609772793856 76561198051135536
344604374057746433 76561198095468695
351965957142347777 76561198372577379
254974080208470017 76561198114888749
237974585184616450 76561197996619772
693002866503319563 76561199030527064
217327740850798592 76561198231798204
692208135292583938 76561198860873470
140226999586258944 76561198144436796
525475913517891604 76561198411529434
223962556312715264 76561198350927282
521764300927270942 76561198378873844
697138573798932492 76561197981118251
722849525966045225 76561198176673125
413377039001845771 76561197981301331
483542975083839488 76561198218522989
227154196862992384 76561197981578171
229330159214395392 76561198063413685
612339487296716843 76561198272775651
231778683642183681 76561198264626776
266701048805064704 76561198217373840
355316159421349889 76561198264626776
554681978604224558 76561197981023212
565915264068091923 76561198046405874
273818979351658496 76561198146627211
179640028735995904 76561197982383302
306832296697397249 76561197967827156
214040016630972416 76561198059616862
269494187903156225 76561198201782454
313746521373802497 76561198258030808
381247665108680708 76561198413171781
215584641162280960 76561198062207788
436969268618330122 76561198036587780
333271547618000897 76561198216490463
597797219059499040 76561198108704151
202559613864902656 76561198826211917
200301278377541633 76561198162022874
378695432022523905 76561198281737652
556446134319448084 76561197983228990
555796714360143894 76561198432173591
269553554195218432 76561198013932453
172752591216836608 76561198162069869
106048938364141568 76561198047079775
248578406311133196 76561198318520569
538248402429935617 76561198441386095
254971921123377152 76561198184118338
222038129521983489 76561198033711421
630441353804775445 76561198389404735
365964502484779009 76561198124713411
227656716559319040 76561197999509042
488119719665074186 76561198069883215
316995684324868109 76561198210939628
239722849588215818 76561198043869714
493576215890886679 76561197963495468
448517764265803797 76561199026796889
729392511486787677 76561198014425487
521687639909203988 76561198212624113
192899832636112906 76561197983927591
335732536963629066 76561198203995372
186891218435702794 76561198025588853
259394925123207169 76561198408986094
558082470348849153 76561198006431266
319007141258199041 76561198271376897
425061272065933342 76561198990646939
480067194814726144 76561198395189866
472081670887964672 76561198443285385
573776110047723530 76561198008050208
778100094402691074 76561198076447335
333324235521130506 76561198118820861
755857907081543774 76561198176673125
282665523806863370 76561198172525049
466237048236408833 76561198849591743
682944375512367144 76561198256117403
373473474540208129 76561198150008379
600296378157236226 76561198011316971
505690355203702815 76561198269475011
343399029587312660 76561198046844470
785541524841955329 76561198271811350
316959565805649940 76561198296084396
338473699550167061 76561198318890658
512391640267227137 76561198427046666
531554788555489301 76561198986726209
102920074284797952 76561198004759065
398140239794929674 76561198298022397
303190744896765952 76561198253269380
104774752878485504 76561197960644559
435420349581230081 76561198377296403
330788506433748992 76561198062792993
465132500428259329 76561198192790815
522422236888432660 76561198139794277
102010891251220480 76561197965699886
556076893204643860 76561198432173591
723332192347881834 76561198843358201
640607402617733120 76561199068246104
453680342231023617 76561198038238300
555838350125432862 76561198064466666
542103493083660288 76561198081717332
306116366560264193 76561198243330430
364514870416375810 76561198416849228
403989021543366657 76561198436902444
435960472307630090 76561198809102512
684437973710012417 76561198185086842
732991629690142820 76561198809773421
343284758018785281 76561198157033001
148769384104460288 76561197987344441
285780261721866241 76561198425920392
681950974234984458 76561198973863688
329617957225365506 76561198078879866
268941974361473025 76561198199381203
471040867688382496 76561198453124586
784584396040568842 76561198398057803
259391892163264512 76561198007185311
688128870028673037 76561199000028556
381582551736647681 76561199067274471
519928907710070784 76561198122357527
109448913034948608 76561198044903142
820650188556206121 76561199045519820
565009876120764420 76561198108268460
283783896573673472 76561198161416129
533154549763014688 76561198194136010
449533172632387594 76561197976040363
822942432819281952 76561198161416129
752014962871894116 76561198859944372
698663274274619402 76561199045928795
